android	3 3 3 3 3 3 3 3 3 3 3 3 3 3 3
前端开发	3 3 3 3 3 3 3 3 3 3 3 3 3 3 3
项目经理	3 3 3 3 3 3 3 3 3 3 3 3 3 3 3
架构师	3 3 3 3 3 3 3 3 3 3 3 3 3 3 3
微信运营	3 3 3 3 3 3 3 3 3 3 3 3 3 3 3
游戏开发	0 0 0 2 0 3 3 3 3 3 3 0 0 0 3
游戏	3 0 3 3 3 0 0 3 3 2 0 0 0 0 0
人力资源	3 3 3 3 3 3 3 3 3 3 3 3 3 2 3
培训	3 3 2 2 2 3 3 3 3 3 3 3 3 3 3
财务经理	3 3 3 3 3 3 3 3 3 3 3 3 3 3 3
网络管理员	3 3 3 3 3 3 3 3 3 3 3 3 3 3 3
cocos2d-x	3 3 3 3 3 3 3 3 3 3 3 3 3 3 3
网站编辑	3 3 3 3 3 3 2 3 3 3 3 3 3 3 3
保险	3 3 3 3 3 3 3 3 3 3 3 3 3 3 3
在线客服	3 3 3 3 3 2 3 2 3 3 3 3 3 3 3
重庆 游戏	3 3 3 3 3 3 3 3 3 3 3 3 3 3 3
物业经理	3 3 3 3 3 3 3 3 3 3 3 3 3 3 2
大数据	3 3 3 3 3 3 3 3 3 3 3 3 3 3 3
行政助理	3 3 3 3 3 3 3 3 3 3 3 3 3 3 3
人事主管	3 3 3 3 3 3 3 3 3 3 3 3 3 3 3
财务总监	3 3 3 3 3 3 3 3 3 3 3 3 3 3 3
销售北京	2 3 3 3 3 2 3 3 3 3 3 3 3 3 3
服务器开发	3 3 3 3 3 2 3 3 3 3 3 3 3 3 3
服务器主程	3 3 3 3 3 3 3 3 3 3 3 3 3 3 3
大专	3 3 3 3 3 3 3 3 3 3 3 3 3 3 3
市场总监	3 3 3 3 3 3 3 3 3 3 3 3 3 3 3
电气工程师	3 3 3 3 3 3 3 3 3 3 3 3 3 3 3
财务主管	3 3 3 3 3 3 3 3 3 3 3 3 3 3 3
动画师	3 3 3 1 1 1 1 1 1 1 1 1 1 2 3
广州java	3 3 3 3 3 3 3 3 3 3 3 3 3 3 3
竞价	3 3 3 3 3 3 3 3 3 3 3 3 3 3 3
培训专员	3 3 3 3 3 3 3 3 3 3 3 3 3 3 3
市场推广	3 3 3 3 3 3 3 3 3 3 3 3 3 3 3
人事行政专员	3 3 3 3 3 3 3 3 3 3 3 3 3 3 3
android 杭州	3 3 3 3 3 3 3 3 3 3 3 3 3 3 3
前端开发工程师	3 3 3 3 3 3 3 3 3 3 3 3 3 3 3
游戏开发 上海	3 0 0 3 3 3 3 3 3 3 3 3 3 3 3
销售助理.广州	3 3 3 3 3 3 3 3 3 3 3 3 3 3 3
高级java	3 3 3 3 3 3 3 3 3 3 3 3 3 3 3
外贸专员	3 3 3 3 3 3 3 3 3 3 3 3 3 3 3
文案-北京	3 3 3 3 3 3 3 3 3 3 3 3 3 3 3
置业顾问	3 3 3 3 3 3 3 3 3 3 3 3 3 3 3
客户经理 金融 北京	3 3 1 0 3 3 1 3 3 3 1 3 1 3 3
系统工程师	3 3 3 3 3 3 3 3 3 3 3 3 3 3 3
医药代表	3 3 3 3 3 3 3 3 3 3 3 3 3 3 3
php北京	3 3 3 3 3 3 3 3 3 3 3 3 3 3 3
销售主管	3 3 3 3 3 3 3 3 3 3 3 3 3 3 3
linux c	3 3 3 3 3 3 3 3 3 3 3 3 3 3 3
bd	3 3 3 3 3 3 3 3 3 3 3 3 3 3 3
英语	3 3 3 3 3 3 3 3 3 3 3 3 3 3 3
公关	3 3 3 3 3 3 3 3 3 3 3 3 3 3 3
移民顾问	3 3 3 3 3 3 3 3 3 3 3 3 3 3 3
行政主管	3 3 3 3 3 3 3 3 3 3 3 3 3 3 3
信息安全	3 3 3 3 3 3 3 3 3 3 3 3 3 3 3
软件开发	3 3 3 3 3 3 3 3 3 3 3 3 3 3 3
舆情	3 3 3 3 3 3 3 3 3 3 3 3 3 3 3
投资	3 3 3 3 3 3 3 3 3 3 3 3 3 3 3
引擎	3 3 3 3 3 3 3 3 3 3 3 3 3 3 3
咨询	3 3 3 3 3 3 3 3 3 3 3 3 3 3 3
深度学习	3 3 3 3 3 3 3 3 3 3 3 3 3 3 3
实施	3 3 3 3 3 3 3 3 3 3 3 3 3 3 3
棋牌	3 2 3 3 3 3 3 3 3 3 3 3 3 3 3
物流	3 3 3 3 2 3 3 3 3 3 3 3 3 3 3
android 3年 北京	3 3 3 3 3 3 3 3 3 3 3 3 3 3 3
java杭州	1 3 3 3 3 3 3 3 3 3 3 3 3 3 3
留学	3 3 3 1 3 1 3 3 3 1 3 1 2 3 3
审计	3 3 3 3 3 3 3 3 3 3 3 3 3 3 3
地推	3 3 3 3 3 3 3 3 3 3 3 3 3 1 3
网络工程	3 3 3 3 3 3 3 3 3 3 3 3 3 3 3
月子	3 3 3 3 3 3 3 3 3 3 3 3 3 3 3
北京 汽车 编导	1 1 2 1 1 1 1 2 1 2 3 1 2 3 1
php上海	3 3 3 3 3 3 3 3 3 3 1 3 3 3 3
国际物流 上海	3 3 3 3 3 3 3 3 3 3 3 3 3 3 3
金融	3 3 3 3 3 3 3 3 3 3 3 3 3 3 3
基金经理 硕士 3年	3 3 3 3 3 3 3 3 3 3 3 3 1 3 3
自然语言处理算法工程师	3 3 3 3 3 3 3 3 3 3 3 3 3 3 3
运维开发工程师	3 3 3 3 3 3 3 3 3 3 3 3 3 3 3
设计开发工程师	2 2 2 2 2 2 2 2 2 2 2 2 2 2 2
游戏测试	3 1 3 3 3 3 3 3 3 3 1 3 3 3 3
土建预算师 3年	3 3 3 3 3 3 3 3 3 3 3 3 3 3 3
运营经理	3 3 3 3 3 3 3 3 3 3 3 3 3 3 3
场景原画	3 3 3 3 3 3 3 3 3 3 3 3 3 3 3
广州 游戏	3 3 3 3 3 3 3 3 3 3 3 3 3 3 3
重庆 游戏设计	3 3 1 3
大众点评	3 3 3 3 3 3 3 3 3 3 3 3 3 3 3
linux	3 3 2 2 3 2 3 3 3 2 3 3 3 3 3
自动化测试	3 3 3 3 3 3 3 3 3 3 3 3 3 3 3
hadoop	3 3 3 3 3 3 3 3 3 3 3 3 3 3 3
京东	3 3 3 3 3 3 3 3 3 3 3 3 3 3 3
广告销售	1 1 3 1 3 1 3 3 1 3 3 3 3 3 3
ruby	3 3 3 3 3 3 3 3 3 3 3 3 3 3 3
美团	3 3 3 3 3 3 3 3 3 3 3 3 3 3 3
产品	2 2 2 2 2 2 2 2 2 2 2 2 0 2 2
h5	3 3 3 3 3 3 3 3 3 3 3 3 3 3 3
数据分析师	3 3 3 3 3 2 3 3 3 3 3 3 3 3 3
游戏测试 杭州	3 2 3 3 1 3 3 0 0 3 0 3 0 3 2
flash	3 3 3 3 3 3 3 3 3 2 3 3 3 3 2
app运营	3 3 3 3 3 3 3 3 3 3 3 3 3 3 3
web	3 3 3 3 2 2 2 3 3 3 2 3 3 3 3
etl	2 2 3 3 3 2 3 3 2 2 3 2 2 2 2
特效	3 2 2 3 3 3 2 3 3 3 3 3 3 3 3
维塔士	3 3 3 3 3 3 3 3 3 3 3 3 3 3 3
c++ 游戏	3 3 3 3 3 3 3 3 3 3 3 3 3 3 3
java 3年 上海	3 3 3 3 3 3 3 3 3 3 3 3 3 3 3
自然语言处理	3 3 3 3 3 3 3 3 2 3 3 3 3 2 3
携程	3 3 2 3 3 3 3 3 3 3 3 3 3 3 3
百度	3 3 3 3 3 3 3 3 3 3 3 3 3 3 3
数据分析	3 3 3 3 3 3 3 3 3 3 3 3 3 3 3
app推广	3 3 3 3 3 3 3 3 3 3 3 3 3 3 3
游戏运营	3 3 3 3 3 3 3 3 3 3 3 3 3 3 3
unity	3 3 3 3 3 3 3 3 0 3 0 0 3 3 3
cto	0 3 0 3 0 0 3 0 0 0 0 0 0 0 0
渠道	2 3 3 2 2 3 3 3 3 3 3 3 3 3 3
3d	3 3 3 3 3 3 3 3 3 3 3 3 3 3 3
app测试	3 3 3 3 3 2 3 3 3 3 3 3 3 3 3
算法	3 3 3 3 3 3 3 3 3 3 3 3 3 3 3
asp.net	3 3 3 3 3 3 3 3 3 3 3 3 3 3 3
唯品会	3 3 3 3 3 3 3 3 3 3 3 3 3 3 3
商务助理	3 3 3 3 3 3 3 3 3 3 3 3 3 3 3
网易	3 3 3 3 3 3 3 3 3 3 3 3 3 3 3
市场专员	3 3 3 3 3 3 3 3 3 3 3 3 3 3 3
媒介	1 2 3 3 2 3 3 1 1 2 1 3 3 3 1
sem	3 3 3 3 3 3 3 3 3 3 3 3 3 3 3
招商	3 3 3 3 3 3 3 3 3 3 3 3 3 3 3
电商运营	3 3 3 3 3 3 3 3 3 3 3 3 2 3 3
招聘专员 北京	1 1 1 1 1 1 1 1 1 1 3 1 1 1 3
服务器	1 3 3 3 3 3 3 3 3 1 2 3 3 3 3
活动策划	3 3 3 3 3 3 3 3 3 3 3 3 3 3 3
游戏策划	3 3 3 3 3 3 3 3 3 3 3 3 3 2 3
ios	3 3 3 3 3 3 3 3 3 3 3 3 3 3 3
php 北京 3年	2 2 2 1 2 2 2 1 1 1 1 1 1 1 1
数值策划	3 3 3 3 3 3 3 3 3 3 3 3 3 3 3
php 3年	2 2 3 1 1 1 1 1 1 1 1 1 1 1 1
设计	3 3 3 3 3 3 3 3 3 3 3 3 3 3 3
文员	1 3 1 1 3 1 1 3 3 3 1 1 3 0 1
产品运营	3 3 3 3 3 3 3 3 3 3 3 3 3 3 3
java 北京 2年	1 1 1 1 1 1 1 1 1 1 1 3 1 1 1
运营 杭州	0 2 2 3 3 2 2 3 3 3 3 3 1 0 3
as3	3 3 3 3 3 3 3 3 3 3 3 3 3 3 3
软件销售	3 3 3 3 3 3 3 2 3 1 2 3 3 3 2
用户运营	3 3 3 3 3 3 3 3 3 3 3 3 3 3 3
原画	2 3 1 0 0 0 0 0 0 0 0 0 0 0 1
系统策划	3 3 3 3 3 3 3 3 3 3 3 3 3 3 3
运营专员	0 3 3 1 3 3 3 3 3 3 3 3 3 3 1
andriod	3 3 3 3 3 3 3 3 3 3 3 3 3 3 3
java 南京	3 3 3 3 3 3 3 3 3 3 3 3 3 3 3
大客户销售	3 3 3 3 3 3 3 3 3 3 3 3 3 3 3
交互设计	3 3 3 3 3 3 3 3 3 3 3 3 3 3 3
php 成都	3 3 3 3 3 3 3 3 3 3 3 3 3 3 3
视觉设计	3 3 3 3 3 3 3 3 3 3 3 3 3 3 3
