场景原画	2 2 2 2 2 2 2 2 2 2 2 2 2 2 2
广州 游戏	2 2 2 2 2 2 2 2 2 2 2 2 2 2 2
app	0 2 2 0 2 3 3 3 2 0 3 2 2 2 2
重庆 游戏	0 2 2 2 2 2 2 2 2 2 2 2 2 2 2
重庆 游戏设计	2 2 2 0
大众点评	2 2 0 2 2 2 2 2 2 2 2 2 2 2 2
linux	2 0 0 3 2 2 2 2 2 2 2 2 2 2 2
自动化测试	2 2 2 2 2 2 3 2 3 3 3 3 2 2 2
hadoop	2 2 2 2 2 2 2 2 2 2 2 2 2 2 2
京东	2 2 2 2 2 2 2 3 2 2 2 2 2 2 2
国际物流 上海	2 2 2 2 2 2 2 2 2 2 2 2 2 2 2
广告销售	3 2 2 2 2 2 2 2 2 2 2 2 2 2 2
ruby	2 2 2 2 2 2 2 2 2 2 2 2 2 2 2
微信运营	2 2 2 2 2 2 2 2 2 2 2 2 2 2 2
美团	2 2 2 2 2 2 2 2 2 2 2 2 2 2 2
产品	3 2 2 2 2 2 2 2 2 2 2 2 2 2 2
h5	2 2 2 2 2 2 2 2 2 2 2 2 2 3 2
数据分析师	3 3 2 2 3 2 2 2 2 2 2 2 2 2 2
游戏测试 杭州	3 2 2 2 0 2 2 0 0 2 0 2 0 2 2
flash	2 2 2 2 2 2 2 2 2 2 2 3 2 2 2
网站编辑	2 2 2 2 2 2 2 2 2 2 2 2 2 2 2
app运营	2 2 2 2 2 2 2 3 3 3 3 2 2 2 2
web	2 2 2 2 2 2 2 2 2 2 3 2 2 2 2
etl	3 3 2 2 3 3 1 2 2 2 3 3 3 3 3
特效	2 2 2 2 2 2 2 2 2 2 3 2 2 2 2
维塔士	2 2 2 2 2 2 2 2 2 2 2 2 2 2 2
c++ 游戏	3 2 2 2 2 2 2 3 2 2 2 2 2 2 2
java 3年 上海	2 2 2 2 2 2 2 2 2 2 2 2 2 2 2
自然语言处理	2 2 2 2 2 3 2 3 2 2 2 2 2 2 2
携程	2 2 2 2 2 2 2 2 2 3 3 3 2 3 2
百度	2 2 2 2 2 2 2 2 2 2 2 2 2 2 2
游戏开发	2 2 2 2 2 3 2 2 2 2 2 2 2 2 2
数据分析	3 3 3 3 2 2 2 2 2 2 2 2 2 2 2
app推广	2 2 2 2 2 2 2 2 2 2 2 2 2 2 2
游戏运营	3 3 3 2 2 2 2 2 2 2 2 2 2 2 2
unity	2 2 2 2 2 2 2 2 0 2 0 0 2 2 2
cto	2 3 0 3 0 0 2 0 0 0 0 0 0 0 0
渠道	2 2 2 2 2 2 2 2 2 2 2 2 2 2 2
3d	2 2 2 2 2 2 2 2 2 2 2 2 2 2 2
app测试	3 3 2 2 0 2 2 2 2 1 1 2 2 2 2
算法	2 3 2 2 2 2 3 2 2 2 2 3 2 2 2
asp.net	2 2 2 2 2 2 2 3 2 2 2 2 2 2 2
唯品会	2 3 2 2 2 2 2 2 2 2 2 2 2 2 2
商务助理	2 2 2 2 2 2 2 2 2 2 2 2 2 2 2
网易	3 3 2 2 2 2 2 2 2 2 2 2 2 2 2
市场专员	2 2 2 2 2 2 2 2 3 2 2 2 2 2 2
媒介	3 3 2 3 2 2 2 2 2 2 2 2 2 2 2
sem	2 2 2 2 2 2 2 2 2 2 2 2 2 2 2
招商	2 3 3 3 3 2 2 2 2 2 2 2 2 2 2
电商运营	2 2 2 2 2 3 2 2 2 3 3 3 2 2 2
招聘专员 北京	1 1 1 1 1 1 1 1 1 1 2 1 1 1 2
服务器	2 2 2 2 2 2 2 2 2 2 2 2 2 2 2
金融	2 2 2 2 3 2 3 2 2 2 2 2 2 2 2
活动策划	2 2 2 2 2 2 2 2 2 2 2 2 2 2 2
游戏策划	3 3 3 3 2 2 2 2 2 2 2 2 2 2 2
ios	3 3 3 3 3 3 3 3 3 3 3 3 3 3 3
php 北京 3年	2 3 2 2 2 2 2 2 2 2 2 2 2 2 2
数值策划	2 2 2 2 2 2 2 2 2 2 2 2 2 2 2
php 3年	3 2 2 2 2 2 2 2 2 2 2 2 2 2 2
设计	2 2 2 2 2 2 2 2 2 2 2 2 2 2 2
文员	2 2 2 2 2 2 2 2 2 2 2 2 2 2 2
产品运营	3 2 2 2 2 2 3 3 3 3 3 2 2 2 2
java 北京 2年	2 2 2 2 2 2 2 2 2 2 2 2 2 2 2
运营 杭州	2 2 2 2 2 2 2 2 2 2 2 2 2 2 2
as3	2 2 2 2 2 2 2 2 2 2 2 2 2 2 2
软件销售	2 2 2 2 2 2 2 2 2 2 2 2 2 2 2
用户运营	2 2 2 2 2 2 2 2 2 2 2 2 2 2 2
原画	2 2 2 2 2 2 2 2 2 2 2 2 2 2 2
系统策划	2 2 2 2 2 2 2 2 2 2 2 2 2 2 2
运营专员	2 2 2 2 2 2 2 2 2 2 2 2 2 2 2
andriod	2 2 2 2 3 2 2 2 2 2 2 2 2 2 2
java 南京	3 3 3 2 2 2 2 2 2 2 2 2 2 2 2
互联网	2 2 2 2 2 2 2 2 2 2 2 3 2 2 2
大客户销售	3 2 2 2 2 2 2 2 2 2 2 2 2 2 2
交互设计	3 2 2 2 2 2 2 2 2 2 2 2 2 2 2
土建预算师 3年	2 2 2 2 2 2 2 2 2 2 2 2 2 2 2
php 成都	2 2 2 2 2 2 2 2 2 2 2 2 2 2 2
视觉设计	2 2 2 2 2 2 2 2 2 2 3 2 2 2 2
java 深圳 3年	2 2 2 2 2 2 2 2 2 2 2 2 2 2 2
阿里巴巴	2 2 2 2 3 3 3 3 2 2 2 2 2 2 2
cocos2d-x	2 2 2 2 2 2 2 2 2 2 2 2 2 2 2
算法工程师	2 2 2 3 3 2 2 2 2 2 2 3 3 2 2
客服 杭州	1 1 1 1 2 1 2 1 1 1 1 1 2 2 2
爬虫	2 2 2 2 2 2 2 2 2 3 2 2 2 2 2
python	2 3 2 2 2 3 3 3 2 2 1 2 2 2 2
留学顾问	2 2 2 2 2 2 1 2 2 2 2 2 2 2 2
java 3年 北京	2 1 1 1 1 2 1 1 2 1 1 1 1 1 1
理财经理	2 2 2 2 2 2 2 2 2 2 2 2 2 2 2
安卓开发	2 2 2 3 2 2 2 2 2 2 2 3 2 2 2
市场总监	2 2 2 2 2 2 2 2 2 2 2 2 2 2 2
科大讯飞	0 0 2 2 2 2 2 2 2 2 2 2 2 2 2
数据挖掘	3 2 2 2 2 2 2 2 2 2 2 2 2 2 2
helpdesk	2 2 2 2 2 2 2 2 2 2 2 2 2 2 2
cocos2d	2 2 2 2 2 2 2 2 2 2 2 2 2 2 2
电话销售	3 2 2 2 2 2 2 2 2 2 2 2 2 2 2
电话销售 上海	2 2 2 2 2 2 2 2 2 2 2 2 2 2 2
html5	2 3 3 2 2 2 2 2 3 3 3 3 2 2 2
.net	3 3 3 3 3 3 3 3 2 3 3 3 3 3 3
招聘经理 3年	2 2 2 2 2 3 3 2 2 2 2 2 2 2 2
总经理助理	3 3 2 2 3 2 2 2 2 3 3 2 2 2 2
销售工程师	3 2 2 2 2 2 2 2 2 2 2 2 2 2 2
客服	2 3 3 2 2 2 2 2 2 2 2 2 2 2 2
php 3年 北京	2 2 2 2 2 2 2 2 2 2 2 2 2 2 2
文案	3 2 2 2 2 0 2 2 2 2 2 2 2 2 2
cocos2dx	2 2 2 2 2 2 2 2 2 2 2 2 2 2 2
dba	3 3 3 3 3 3 3 3 2 2 2 2 2 2 2
电话销售 深圳	2 2 2 2 2 2 2 2 2 2 2 2 2 2 2
c++ 上海	3 3 2 2 2 2 2 2 2 2 2 2 2 2 2
理财	2 2 0 2 2 2 2 2 2 2 2 2 2 2 2
软件测试 杭州	3 2 2 2 2 2 2 2 2 2 2 2 2 2 2
android开发	2 2 2 2 2 2 3 2 2 2 2 2 2 2 2
出纳	2 2 2 2 2 2 2 3 2 2 2 2 3 2 2
角色原画	2 2 2 2 2 2 2 2 2 2 3 3 2 2 2
基金经理 硕士 3年	2 2 3 3 3 2 2 2 2 2 2 2 2 2 2
外贸	3 3 2 2 2 2 2 2 2 2 2 2 2 2 2
上海 java	3 3 3 3 3 3 3 3 3 3 3 3 3 3 3
测试开发	2 2 3 2 2 2 2 2 2 2 2 2 2 2 2
人事专员	2 2 2 2 2 2 2 2 2 3 2 2 2 2 2
猎头	2 2 2 2 2 2 2 2 2 2 2 2 2 2 2
前端 深圳	3 2 2 2 2 2 2 2 2 2 2 2 2 2 2
游戏	2 2 0 0 0 2 0 3 2 0 0 0 2 0 2
java 上海	2 3 3 3 3 3 3 3 3 3 3 3 3 3 3
ios 广州	3 3 2 2 2 2 2 2 2 2 2 2 2 2 2
产品经理 上海	3 3 3 3 2 2 2 2 2 2 2 3 3 3 3
助理	2 2 1 2 2 2 1 1 2 0 2 1 1 2 0
客服 上海	1 2 1 2 2 2 2 1 2 2 2 2 2 2 2
游戏策划 上海	2 2 2 2 2 2 2 2 2 2 2 2 2 2 2
招聘专员	0 1 1 1 1 1 2 1 1 1 1 1 1 1 2
招聘主管	0 0 0 0 0 0 0 0 0 1 0 0 0 0 0
php 上海 3年	1 2 1 2 1 2 1 2 1 1 1 2 2 1 2
php 北京	2 2 3 2 2 2 2 2 2 2 2 1 2 2 2
射频工程师 本科 3年	2 0 0 3 1 1 2 1 1 1 0 0 1 0 1
erlang	3 2 2 2 2 2 2 2 2 2 2 2 2 2 2
人事主管	2 2 1 2 2 2 2 2 3 2 2 2 2 2 2
java 成都	3 3 3 3 3 3 3 3 3 3 3 3 3 2 2
销售代表 北京	2 2 2 2 2 2 2 2 2 2 2 2 2 2 2
u3d	3 2 2 2 3 2 2 2 2 2 2 2 2 2 2
硬件工程师	3 2 2 2 3 2 3 2 2 2 2 2 2 3 2
php 杭州	2 2 2 2 2 2 2 2 2 2 2 2 2 2 2
web前端 深圳	3 3 3 3 3 3 3 3 3 3 3 3 3 3 3
ui 北京	1 2 2 2 2 2 2 2 2 2 2 2 2 2 2
ios开发	2 2 3 2 2 2 2 2 2 2 2 2 3 2 2
网页设计	1 2 2 2 2 2 2 2 2 2 2 2 2 2 2
javascript	2 3 2 2 2 2 3 2 2 2 2 2 2 2 0
unity3d	3 3 2 2 2 2 2 2 2 2 2 2 2 2 2
系统运维	3 2 2 -1 3 3 3 3 3 3 2 3 2 2 1
前端 北京	2 2 2 2 2 2 2 2 2 2 2 2 2 2 2
android	2 2 2 2 2 2 2 2 2 2 2 2 2 2 2
运营经理	3 3 2 2 2 2 2 2 2 2 2 0 0 2 2
大数据	2 2 0 2 1 2 1 2 3 2 2 2 2 2 2
