场景原画	2 3 3 2 3 3 3 3 3 3 3 2 2 2 2
广州 游戏	3 3 3 3 3 3 3 3 3 0 3 2 3 3 3
app	3 3 3 3 3 3 3 3 3 3 3 3 3 3 3
重庆 游戏	3 3 2 2 2 0 0 0 0 0 0 0 2 3 0
重庆 游戏设计	2 2 0 0 0 0 0 0 0 0
大众点评	2 3 3 3 2 3 3 2 2 2 2 2 3 2 2
linux	2 3 3 3 3 3 3 3 3 3 2 3 3 3 3
自动化测试	3 3 3 3 3 3 2 3 3 3 3 2 3 3 3
hadoop	3 3 3 3 3 2 3 3 3 2 3 3 3 3 3
京东	3 3 3 3 3 3 3 3 3 3 0 0 3 3 3
国际物流 上海	3 2 3 3 2 3 3 3 3 3 3 3 3 3 3
广告销售	3 3 3 3 3 3 3 0 2 3 3 3 0 3 3
ruby	2 3 3 2 3 3 3 3 2 3 2 1 2 2 1
微信运营	1 1 1 3 3 0 1 0 0 0 0 0 0 1 1
美团	3 3 3 3 3 3 3 3 3 3 3 3 3 3 3
产品	2 3 3 3 3 3 3 3 3 2 3 2 3 3 3
h5	3 3 3 3 3 3 3 3 3 3 3 3 3 3 3
数据分析师	3 3 3 3 3 3 2 2 3 3 3 3 3 2 3
游戏测试 杭州	2 0 2 0 0 3 1 0 0 0 0 0 0 2 2
flash	2 3 3 3 3 3 3 2 3 2 3 2 3 3 3
网站编辑	3 3 3 3 2 3 3 3 3 3 3 3 3 3 2
app运营	3 3 3 3 3 3 3 3 2 3 3 3 3 3 2
web	3 3 3 3 3 3 2 3 2 3 3 2 3 3 3
etl	3 3 3 3 3 3 3 3 3 3 3 3 3 2 3
特效	3 3 3 3 3 3 3 3 3 3 3 3 3 3 3
维塔士	3 3 2 3 2 3 3 3 3 3 3 2 3 3 3
c++ 游戏	3 3 3 2 2 2 2 3 3 3 3 3 2 2 2
java 3年 上海	3 3 3 3 3 3 3 3 3 3 3 3 3 3 3
自然语言处理	3 2 3 3 3 2 3 3 2 3 3 3 0 3 3
携程	2 3 3 3 3 3 3 3 3 3 2 3 3 3 3
百度	3 3 3 3 3 3 3 3 3 3 3 3 3 3 3
游戏开发	2 3 3 3 2 2 3 2 3 2 0 3 3 2 3
数据分析	3 3 3 3 3 3 3 3 3 3 3 3 3 3 3
app推广	3 3 3 3 3 0 0 3 3 3 3 3 3 3 3
游戏运营	3 3 3 3 3 3 3 3 3 3 3 -1 3 3 3
unity	3 3 3 3 3 3 3 3 3 3 3 3 3 3 2
cto	3 3 3 3 3 3 3 3 3 3 3 3 3 2 3
渠道	3 3 3 3 3 3 3 3 3 3 3 3 3 3 3
3d	3 3 3 3 3 3 3 3 3 3 3 3 3 3 3
app测试	3 3 3 3 3 3 3 3 0 3 3 3 3 3 3
算法	3 3 3 3 2 3 3 3 3 3 3 3 3 2 3
asp.net	3 3 3 2 3 3 3 3 2 3 3 2 2 3 3
唯品会	3 3 3 3 3 2 3 3 3 3 3 3 2 3 3
商务助理	3 3 3 3 3 3 3 3 3 3 3 3 3 3 3
网易	3 3 3 3 3 3 3 3 3 3 3 2 2 3 3
市场专员	3 3 3 2 3 3 3 3 3 3 2 3 3 3 3
媒介	3 3 3 3 3 3 3 3 3 3 3 3 3 3 3
sem	3 3 3 3 3 3 3 3 3 3 3 3 3 3 3
招商	3 2 3 3 3 3 3 3 3 3 3 3 3 3 3
电商运营	3 3 3 3 3 3 3 3 3 3 3 3 3 3 3
招聘专员 北京	3 3 3 3 3 3 3 3 3 3 3 3 3 3 3
服务器	3 3 3 3 3 3 3 3 3 3 3 3 3 3 3
金融	3 3 3 3 3 3 3 3 3 3 3 3 3 3 3
活动策划	3 3 3 3 3 3 3 3 3 3 3 3 3 3 3
游戏策划	3 3 3 3 3 3 3 3 3 3 3 3 3 3 3
ios	3 3 3 3 3 3 3 3 3 3 3 3 3 3 3
php 北京 3年	3 2 3 2 3 2 3 3 3 3 3 3 3 3 2
数值策划	3 3 0 0 3 3 3 2 1 0 0 3 3 3 0
php 3年	3 3 3 3 3 3 3 3 3 3 3 3 3 3 3
设计	3 3 3 3 3 3 3 3 3 3 3 3 3 3 3
文员	3 3 3 3 3 3 3 3 2 3 3 3 3 3 3
产品运营	3 3 3 3 3 3 3 3 3 3 3 3 3 3 3
java 北京 2年	3 3 3 3 3 3 3 3 3 3 3 3 3 3 3
运营 杭州	3 3 2 3 3 3 3 3 2 3 3 3 3 3 3
as3	2 1 2 3 1 2 2 2 2 1 1 2 1 2 1
软件销售	3 3 3 3 3 3 3 3 3 3 2 3 1 3 0
用户运营	3 3 3 3 3 3 3 3 3 3 3 3 3 3 3
原画	2 1 2 0 2 2 2 0 2 2 2
系统策划	0 3 0 0 0 3 3 2 3 0 0 0 0 0 0
运营专员	3 2 3 3 3 3 2 2 3 3 3 3 2 3 3
andriod	3 3 3 2 3 3 3 3 2 2 3 3 3 3 3
java 南京	3 2 3 3 3 3 3 3 3 3 3 3 3 3 2
互联网	2 2 2 3 3 3 3 3 3 3 3 3 3 3 2
大客户销售	3 3 3 3 3 3 3 3 3 3 3 3 3 3 3
交互设计	3 3 3 3 3 3 3 3 2 3 2 3 3 3 3
土建预算师 3年	3 3 3 3 3 3 3 3 3 3 3 3 3 3 3
php 成都	3 3 3 3 3 3 3 3 3 3 3 3 3 3 3
视觉设计	3 3 3 3 3 3 3 3 3 3 3 3 3 3 3
java 深圳 3年	3 3 3 3 3 3 3 3 3 3 3 3 3 3 3
阿里巴巴	3 3 3 3 3 3 3 3 3 3 3 3 3 3 3
cocos2d-x	2 3 2 3 1 1 2 2 2 1 2 2 1 2 2
算法工程师	3 2 3 2 3 3 3 2 3 3 2 3 3 3 3
客服 杭州	2 3 3 2 3 2 3 3 3 3 2 3 2 3 3
爬虫	2 3 3 3 3 3 3 2 2 3 3 3 3 3 3
python	2 3 3 3 3 3 3 3 3 3 3 3 3 3 3
留学顾问	3 3 3 3 3 3 1 3 3 3 3 3 3 3 3
java 3年 北京	3 3 3 3 3 3 3 3 3 3 3 3 2 3 3
理财经理	3 3 3 3 3 3 3 2 3 3 3 3 3 3 3
安卓开发	3 3 2 2 3 3 2 3 3 3 2 3 3 2 2
市场总监	3 2 2 3 3 3 3 3 3 3 2 3 3 3 3
科大讯飞	3 3 3 3 3 3 3 3 3 3 3 3 3 3 3
数据挖掘	3 3 3 3 3 3 3 3 3 3 3 3 3 3 3
helpdesk	3 3 3 3 3 3 3 3 3 3 3 3 3 3 3
cocos2d	3 2 3 2 2 2 3 3 3 3 3 3 3 2 2
电话销售	3 3 3 3 3 3 3 3 3 3 3 3 3 3 3
电话销售 上海	3 3 3 3 3 3 3 2 3 2 3 2 3 3 3
html5	3 3 3 3 3 3 3 3 3 3 3 3 3 3 3
.net	3 3 3 -1 3 3 3 3 3 3 2 3 3 3 3
招聘经理 3年	3 3 3 3 3 3 3 3 3 3 3 3 3 3 3
总经理助理	3 2 3 3 3 3 3 3 3 3 3 3 3 3 3
销售工程师	3 3 3 3 3 3 2 1 2 0 2 3 3 3 3
客服	3 3 3 3 3 3 3 3 3 3 3 2 3 3 3
php 3年 北京	3 3 3 3 2 2 3 3 3 3 3 3 3 3 2
文案	3 3 3 3 3 3 3 3 3 3 3 3 3 3 3
cocos2dx	3 3 3 3 2 2 3 3 3 3 2 3 3 3 3
dba	2 3 3 3 3 3 3 3 3 3 3 2 3 3 3
电话销售 深圳	3 3 3 3 3 3 3 3 3 3 3 3 3 3 3
c++ 上海	3 0 3 3 3 3 3 3 3 2 3 3 2 3 3
理财	3 3 3 3 3 3 3 3 3 3 0 0 0 0 3
软件测试 杭州	3 3 3 3 3 3 3 2 3 3 3 3 2 3 3
android开发	3 3 3 3 2 3 2 3 3 3 2 2 2 3 3
出纳	3 3 3 3 3 3 2 3 3 3 3 2 2 3 2
角色原画	3 0 3 0 3 2 3 2 2 3 3 3 3 3 3
基金经理 硕士 3年	3 3 3 3 3 3 3 3 3 3 3 3 3 3 0
外贸	3 3 3 3 3 3 3 3 3 3 3 3 3 3 3
上海 java	3 3 3 3 3 2 3 3 3 3 2 2 3 3 3
测试开发	3 3 3 3 3 3 3 3 3 2 3 3 3 3 3
人事专员	3 3 3 3 3 3 2 3 3 3 3 3 3 3 3
猎头	3 3 2 3 3 3 3 3 3 3 3 3 3 3 3
前端 深圳	3 3 3 3 3 0 3 3 3 3 3 2 3 3 3
游戏	2 3 3 3 3 3 3 3 3 3 3 3 3 3 3
java 上海	3 2 3 3 3 3 3 3 3 3 3 -1 3 3 3
ios 广州	3 2 3 3 3 3 3 3 3 3 3 2 2 3 3
产品经理 上海	3 2 3 3 3 3 3 3 3 3 3 3 3 3 3
助理	3 3 2 2 2 2 2 2 3 2 2 2 2 2 2
客服 上海	2 1 2 2 1 2 3 0 1 3 1 3 3 2 3
游戏策划 上海	3 0 3 3 3 2 3 3 3 0 3 2 2 0 0
招聘专员	3 3 3 3 3 3 3 3 3 3 3 3 3 3 3
招聘主管	0 0 0 0 0 0 0 0 0 0 0 0 0 3 0
php 上海 3年	3 3 3 3 2 1 3 3 2 3 3 0 0 3 3
php 北京	3 3 2 3 2 3 3 3 3 3 3 3 3 3 2
射频工程师 本科 3年	2 2 2 2 2 3 3 0 2 2 3 0 1 2 2
erlang	3 3 3 2 2 3 2 2 2 2 3 3 2 2 2
人事主管	3 3 3 3 3 3 3 3 3 3 2 3 2 3 3
java 成都	3 3 3 3 3 3 3 3 3 3 3 3 3 3 3
销售代表 北京	3 3 3 3 3 3 3 3 3 3 3 3 3 3 3
u3d	3 3 3 3 3 3 3 3 3 3 3 3 3 3 3
硬件工程师	3 3 3 3 3 3 3 3 3 3 2 3 3 3 3
php 杭州	-1 3 2 0 2 0 0 2 2 3 3 0 2 3 3
web前端 深圳	3 3 3 3 3 3 3 3 3 3 3 3 3 3 3
ui 北京	3 3 3 3 3 3 3 3 3 3 3 2 3 3 2
ios开发	3 3 3 3 3 3 3 3 3 3 3 3 3 3 3
网页设计	3 3 3 3 3 3 3 3 3 3 3 3 3 3 0
javascript	3 2 3 3 3 3 3 3 3 3 3 3 3 3 3
unity3d	3 3 3 3 3 2 2 3 3 3 3 3 3 3 3
系统运维	3 3 3 3 3 0 0 3 2 3 2 2 3 3 1
前端 北京	2 3 3 3 3 3 3 3 2 3 3 3 3 3 2
android	2 3 3 3 3 3 3 3 0 3 3 3 3 3 3
运营经理	3 3 3 3 2 2 3 3 3 2 3 3 3 3 3
大数据	3 2 2 3 3 3 3 3 3 3 3 3 3 3 3
